381 0
1723 1
6568 2
6087 3
3125 4
9649 5
6999 6
30 7
5663 8
791 9
3322 10
7552 11
443 12
6006 13
4063 14
5379 15
4091 16
6028 17
8885 18
2058 19
3156 20
1477 21
3950 22
8243 23
6262 24
7056 25
1933 26
7415 27
874 28
5710 29
3862 30
1255 31
7434 32
430 33
7343 34
559 35
80 36
4343 37
590 38
5744 39
5134 40
3913 41
3296 42
5578 43
9919 44
7360 45
957 46
4011 47
3389 48
9842 49
6070 50
6545 51
1320 52
21 53
4788 54
7583 55
7077 56
6722 57
4998 58
7952 59
2433 60
8860 61
9207 62
9867 63
9291 64
6551 65
427 66
9372 67
894 68
1018 69
5116 70
6029 71
4932 72
8413 73
1607 74
4851 75
5774 76
2565 77
8863 78
9163 79
2408 80
4934 81
5708 82
3728 83
4955 84
497 85
1311 86
2033 87
7219 88
6309 89
9985 90
9652 91
5170 92
9193 93
9520 94
4461 95
5745 96
9947 97
3834 98
6640 99
